1/3-octave response, dB re 500 Hz-2 kHz mean
source                     31.5     40     50     63     80    100    125    160    200    250    315    400    500    630    800   1000   1250   1600   2000   2500   3150   4000   5000   6300   8000  10000  12500  16000
W clicks                  -32.9  -32.4  -30.2  -23.1  -19.4  -15.2  -10.1   -8.1   -5.9   -4.0   -3.2   -2.1   -1.5   -1.1   -0.3    0.6    1.2    1.7   -0.7   -5.5  -11.0  -17.3  -26.5  -34.1  -35.5  -35.9  -35.9  -34.9
W sweep                   -38.5  -33.3  -29.6  -22.3  -18.6  -14.1   -9.1   -7.5   -5.3   -3.3   -2.7   -1.4   -1.0   -0.7   -0.3    0.3    0.8    1.5   -0.6   -5.7  -11.2  -17.5  -26.8  -39.0  -47.8  -53.9  -59.0  -61.3
W hits                    -40.1  -33.4  -30.5  -22.3  -19.0  -14.8   -9.7   -7.7   -7.0   -3.8   -3.5   -2.2   -0.9   -1.1   -0.7    0.7    1.3    1.0   -0.3   -5.5  -11.1  -17.1  -26.9  -39.2  -45.3  -47.3  -48.3  -48.3
W skank                   -39.4  -32.1  -33.3  -22.6  -19.1  -14.5   -9.5   -7.4   -5.5   -3.2   -3.3   -2.0   -1.9   -1.8    0.1    0.8    1.6    1.8   -0.6   -4.8  -10.6  -17.2  -27.4  -32.1  -28.2  -24.4  -20.8  -18.3
M clicks                  -38.6  -40.4  -35.3  -28.1  -28.0  -23.3  -18.9  -14.6  -11.1   -8.0   -4.3   -2.4   -0.9   -0.8   -0.1    0.1    1.2    1.0   -0.5   -2.3   -3.8   -7.2  -11.4  -17.5  -35.8  -51.4  -50.3  -47.6
M sweep                   -38.3  -39.7  -34.5  -27.2  -27.0  -22.1  -17.8  -13.7  -10.3   -7.2   -3.7   -1.9   -0.7   -0.7   -0.0   -0.0    0.9    0.9   -0.4   -2.0   -3.2   -6.4  -10.3  -16.3  -32.0  -40.8  -48.6  -61.2
M hits                    -39.9  -41.7  -36.0  -28.1  -27.8  -23.7  -18.8  -13.2  -12.2   -8.4   -4.3   -1.8   -1.4   -0.9   -0.2    0.1    1.6    0.8   -0.2   -1.9   -4.0   -6.8  -11.2  -17.5  -36.0  -60.0  -62.6  -61.1
M skank                   -38.4  -41.0  -35.3  -28.1  -27.9  -23.1  -18.5  -13.7  -10.3   -7.2   -5.3   -1.7   -1.9   -0.1   -0.4   -0.0    2.0    1.3   -0.9   -2.4   -2.6   -6.4  -10.9  -16.8  -34.6  -39.6  -34.8  -30.6
Ours CLEAN clicks         -16.9  -11.8   -6.7   -3.8   -1.3   -1.1    0.2    1.9    0.8    1.9    2.0    1.7    2.0    1.7    1.2    1.0    0.0   -2.2   -3.6   -6.0   -9.3  -12.3  -15.3  -18.2  -21.0  -25.3  -33.8  -52.8
Ours CLEAN hits           -17.1  -12.3   -6.8   -3.3   -0.1    0.3    1.6    2.1    0.9    4.0    4.5    2.2    1.1    2.0    1.7    1.1    0.5   -3.3   -3.2   -5.3   -9.0  -11.5  -14.7  -17.9  -20.7  -24.7  -33.9  -53.2
Ours CLEAN skank          -14.4  -10.8   -5.8   -3.1   -0.7    0.1    0.9    3.0    2.3    1.5    2.3    2.2    2.0    1.1    0.4    1.4    0.3   -2.0   -3.1   -4.6   -6.5   -8.9   -9.4  -10.7  -12.3  -15.0  -18.9  -28.9
Ours DRIVEN clicks        -27.4  -20.8  -13.6   -8.5   -3.9   -2.4   -0.4    1.6    0.8    1.9    2.1    1.7    2.0    1.7    1.2    1.0    0.0   -2.2   -3.7   -6.0   -9.3  -12.4  -15.8  -20.8  -29.7  -42.5  -58.7  -81.8
Ours DRIVEN hits          -23.0  -19.3  -13.1   -8.1   -3.2   -1.6    0.3    1.4    0.5    3.4    4.0    1.5    0.4    2.5    1.9    1.0    0.8   -3.3   -3.4   -4.9   -8.8  -11.6  -14.9  -20.4  -29.3  -40.0  -53.5  -69.9
Ours DRIVEN skank         -20.8  -17.1  -11.2   -6.8   -2.8   -1.0    0.3    2.7    2.1    1.3    2.1    2.0    1.8    1.1    0.4    1.3    0.3   -1.8   -3.2   -3.7   -5.6   -6.3   -6.9   -7.9  -10.2  -13.4  -19.2  -31.9
IR median                 -24.9  -21.6  -18.6  -15.7  -13.1  -12.5  -11.0   -7.7   -6.2   -5.2   -4.0   -3.2   -1.8   -1.0   -0.5    0.5    0.8    1.4    1.6    1.2    0.7   -1.2   -1.8   -3.5  -10.4  -11.6  -15.2  -18.7
IR p25                    -40.4  -35.6  -27.9  -24.7  -23.8  -27.8  -21.0  -18.0  -11.8  -13.1   -8.5   -6.9   -3.9   -2.2   -1.1   -0.4    0.2    0.7   -0.4   -2.0   -2.7   -4.9   -8.4  -12.0  -18.0  -23.8  -28.6  -31.0
IR p75                    -14.9  -15.2  -13.3  -12.1  -11.0   -8.8   -7.8   -6.3   -5.0   -4.5   -3.0   -2.5   -0.5   -0.4    0.3    1.0    1.8    2.0    2.9    3.4    3.3    1.7    1.5    2.7    0.6    2.1    3.6    6.6

Summary
{'name': 'W clicks', 'lo6': 160, 'hi6': 3150, 'peak': 1600, 'low_63_160': -15.2, 'b63': -23.1, 'b125': -10.1, 'b250': -4.0, 'b4k': -17.3, 'b8k': -35.5}
{'name': 'W sweep', 'lo6': 160, 'hi6': 3150, 'peak': 1600, 'low_63_160': -14.3, 'b63': -22.3, 'b125': -9.1, 'b250': -3.3, 'b4k': -17.5, 'b8k': -47.8}
{'name': 'W hits', 'lo6': 200, 'hi6': 3150, 'peak': 1250, 'low_63_160': -14.7, 'b63': -22.3, 'b125': -9.7, 'b250': -3.8, 'b4k': -17.1, 'b8k': -45.3}
{'name': 'W skank', 'lo6': 160, 'hi6': 3150, 'peak': 1600, 'low_63_160': -14.6, 'b63': -22.6, 'b125': -9.5, 'b250': -3.2, 'b4k': -17.2, 'b8k': -28.2}
{'name': 'M clicks', 'lo6': 250, 'hi6': 4000, 'peak': 1250, 'low_63_160': -22.6, 'b63': -28.1, 'b125': -18.9, 'b250': -8.0, 'b4k': -7.2, 'b8k': -35.8}
{'name': 'M sweep', 'lo6': 250, 'hi6': 4000, 'peak': 1250, 'low_63_160': -21.6, 'b63': -27.2, 'b125': -17.8, 'b250': -7.2, 'b4k': -6.4, 'b8k': -32.0}
{'name': 'M hits', 'lo6': 250, 'hi6': 4000, 'peak': 1250, 'low_63_160': -22.3, 'b63': -28.1, 'b125': -18.8, 'b250': -8.4, 'b4k': -6.8, 'b8k': -36.0}
{'name': 'M skank', 'lo6': 250, 'hi6': 4000, 'peak': 1250, 'low_63_160': -22.3, 'b63': -28.1, 'b125': -18.5, 'b250': -7.2, 'b4k': -6.4, 'b8k': -34.6}
{'name': 'Ours CLEAN clicks', 'lo6': 50, 'hi6': 3150, 'peak': 315, 'low_63_160': -0.8, 'b63': -3.8, 'b125': 0.2, 'b250': 1.9, 'b4k': -12.3, 'b8k': -21.0}
{'name': 'Ours CLEAN hits', 'lo6': 50, 'hi6': 3150, 'peak': 315, 'low_63_160': 0.1, 'b63': -3.3, 'b125': 1.6, 'b250': 4.0, 'b4k': -11.5, 'b8k': -20.7}
{'name': 'Ours CLEAN skank', 'lo6': 40, 'hi6': 3150, 'peak': 160, 'low_63_160': 0.0, 'b63': -3.1, 'b125': 0.9, 'b250': 1.5, 'b4k': -8.9, 'b8k': -12.3}
{'name': 'Ours DRIVEN clicks', 'lo6': 63, 'hi6': 2500, 'peak': 315, 'low_63_160': -2.7, 'b63': -8.5, 'b125': -0.4, 'b250': 1.9, 'b4k': -12.4, 'b8k': -29.7}
{'name': 'Ours DRIVEN hits', 'lo6': 63, 'hi6': 3150, 'peak': 315, 'low_63_160': -2.2, 'b63': -8.1, 'b125': 0.3, 'b250': 3.4, 'b4k': -11.6, 'b8k': -29.3}
{'name': 'Ours DRIVEN skank', 'lo6': 63, 'hi6': 4000, 'peak': 160, 'low_63_160': -1.5, 'b63': -6.8, 'b125': 0.3, 'b250': 1.3, 'b4k': -6.3, 'b8k': -10.2}
{'name': 'IR median', 'lo6': 200, 'hi6': 8000, 'peak': 2000, 'low_63_160': -12.0, 'b63': -15.7, 'b125': -11.0, 'b250': -5.2, 'b4k': -1.2, 'b8k': -10.4}
{'name': 'IR p25', 'lo6': 400, 'hi6': 5000, 'peak': 1600, 'low_63_160': -23.1, 'b63': -24.7, 'b125': -21.0, 'b250': -13.1, 'b4k': -4.9, 'b8k': -18.0}
{'name': 'IR p75', 'lo6': 160, 'hi6': None, 'peak': 2500, 'low_63_160': -9.2, 'b63': -12.1, 'b125': -7.8, 'b250': -4.5, 'b4k': 1.7, 'b8k': 0.6}

IR library -6 dB low corner distribution: [50, 80, 100, 125, 125, 125, 125, 125, 160, 160, 160, 160, 160, 160, 160, 160, 200, 200, 200, 200, 200, 200, 200, 200, 200, 315, 315, 315, 315, 315, 315, 315, 400, 400, 400, 400, 400, 400, 400, 400, 400, 400, 400, 400, 400] none: 0

Octave-band T60 (s), median over clicks; bands [(63, 125), (125, 250), (250, 500), (500, 1000), (1000, 2000), (2000, 4000), (4000, 8000)]
W clicks                  4.52  3.57  4.10  3.58  2.94  2.33 11.98
M clicks                  3.42  3.63  3.85  3.68  2.96  1.87  1.10
Ours CLEAN clicks         2.62  3.52  3.86  3.57  2.62  1.31  0.58
Ours DRIVEN clicks        2.67  3.53  3.86  3.57  2.62  1.31  0.59
IR median                 4.61  4.68  3.59  2.94  2.78  2.42  1.97
IR median (re 500-1k)     1.37  1.31  1.05  1.00  0.90  0.77  0.55

Early (0-80 ms) and late (0.3-1.5 s) click spectra, dB re mids
W clicks early            -63.4  -52.2  -53.1  -52.8  -33.1  -23.6  -18.2  -20.0  -14.8   -9.3   -9.9   -7.8   -5.2   -3.3   -1.7    0.4    2.0    4.4    3.4    0.2   -3.8   -9.2  -17.6  -29.0  -35.9  -40.2  -42.9  -43.7
W clicks late             -43.2  -41.5  -37.1  -31.6  -27.4  -24.2  -19.5  -14.8  -13.0  -10.1   -7.3   -4.6   -3.4   -2.0   -0.7    0.9    1.7    3.2    0.4   -4.5  -10.1  -17.6  -26.3  -30.4  -30.3  -30.3  -30.6  -31.3
M clicks early            -43.7  -49.3  -42.8  -33.8  -33.8  -27.6  -23.8  -19.9  -14.8  -12.1   -7.7   -5.1   -4.0   -3.4   -2.8   -3.2    3.6    5.3    4.4    4.5    4.0    2.0   -0.3   -4.8  -23.0  -34.9  -35.7  -36.3
M clicks late             -56.2  -54.7  -51.2  -48.7  -38.7  -35.4  -27.2  -21.6  -16.4  -13.5   -9.3   -6.3   -3.0   -1.4    0.1    1.0    1.4    1.4    0.5   -1.4   -4.4   -9.3  -15.7  -25.9  -42.1  -45.4  -44.6  -43.7
Ours CLEAN clicks early   -28.8  -22.3  -17.2  -13.9  -11.4   -9.6   -8.2   -6.8   -5.7   -4.6   -3.5   -2.6   -1.7   -0.7    0.1    0.8    1.0   -0.1    0.7    0.4   -1.2   -2.6   -4.8   -7.0   -9.1  -12.9  -21.5  -42.0
Ours CLEAN clicks late    -44.5  -35.9  -26.7  -19.5  -13.4  -11.3   -7.9   -5.0   -4.4   -2.5   -0.8   -0.5    0.9    1.1    1.5    1.4    0.8   -1.3   -4.6  -10.2  -17.3  -28.9  -32.0  -37.4  -47.2  -56.3  -58.5  -59.1
Ours DRIVEN clicks early  -38.7  -31.5  -24.4  -18.6  -14.2  -11.0   -8.8   -7.0   -5.7   -4.6   -3.5   -2.5   -1.7   -0.7    0.1    0.8    1.1   -0.1    0.6    0.3   -1.2   -2.8   -5.4   -9.7  -17.8  -30.1  -45.8  -55.3
Ours DRIVEN clicks late   -54.0  -44.4  -33.3  -24.2  -16.0  -12.8   -8.6   -5.2   -4.5   -2.5   -0.8   -0.5    1.0    1.1    1.5    1.4    0.8   -1.3   -4.6  -10.2  -17.4  -29.0  -32.5  -39.6  -52.8  -57.4  -58.4  -58.9
